PROJECT 1 MOBILNO
OBSERVED VARIABLES
S1	S2	S3	S4	S5	S6	J1	J2	J3	J4	J6	D1	D2	D3	D4	D5	D7	D8	D9	K1	K2	K3	K4	K6	R1	R2	R3	R4	R5	R6	R7
Sample size 154
CORRELATION MATRIX
1.00																														
0.85	1.00																													
0.67	0.70	1.00																												
0.63	0.72	0.71	1.00																											
0.53	0.64	0.68	0.77	1.00																										
0.80	0.77	0.64	0.71	0.66	1.00																									
0.54	0.59	0.48	0.55	0.57	0.60	1.00																								
0.47	0.53	0.41	0.42	0.52	0.54	0.69	1.00																							
0.43	0.51	0.43	0.50	0.56	0.54	0.74	0.70	1.00																						
0.48	0.56	0.43	0.46	0.51	0.53	0.69	0.64	0.80	1.00																					
0.54	0.59	0.52	0.51	0.60	0.63	0.72	0.69	0.82	0.87	1.00																				
0.21	0.18	0.14	0.11	0.22	0.22	0.21	0.27	0.22	0.22	0.22	1.00																			
0.13	0.16	0.07	0.15	0.23	0.20	0.16	0.22	0.23	0.23	0.21	0.67	1.00																		
0.26	0.20	0.21	0.18	0.28	0.31	0.18	0.21	0.18	0.20	0.28	0.66	0.54	1.00																	
0.16	0.16	0.12	0.11	0.25	0.20	0.17	0.21	0.24	0.20	0.22	0.59	0.82	0.55	1.00																
0.15	0.10	0.07	0.07	0.22	0.20	0.09	0.16	0.21	0.17	0.17	0.56	0.79	0.58	0.81	1.00															
0.35	0.28	0.23	0.18	0.33	0.36	0.23	0.32	0.26	0.29	0.30	0.25	0.45	0.39	0.46	0.41	1.00														
0.26	0.21	0.18	0.16	0.29	0.27	0.13	0.22	0.20	0.16	0.15	0.47	0.68	0.40	0.67	0.65	0.64	1.00													
0.59	0.63	0.46	0.49	0.56	0.63	0.54	0.59	0.67	0.74	0.74	0.30	0.30	0.32	0.26	0.26	0.39	0.32	1.00												
0.61	0.65	0.61	0.60	0.68	0.62	0.55	0.55	0.63	0.66	0.67	0.34	0.34	0.35	0.30	0.30	0.42	0.34	0.81	1.00											
0.55	0.62	0.53	0.59	0.63	0.59	0.50	0.47	0.62	0.67	0.65	0.21	0.29	0.19	0.24	0.18	0.37	0.31	0.80	0.85	1.00										
0.53	0.59	0.47	0.59	0.65	0.62	0.54	0.52	0.67	0.69	0.73	0.23	0.32	0.28	0.30	0.29	0.36	0.27	0.78	0.82	0.84	1.00									
0.63	0.71	0.56	0.65	0.70	0.74	0.59	0.55	0.68	0.68	0.74	0.24	0.31	0.27	0.27	0.28	0.39	0.33	0.81	0.80	0.82	0.88	1.00								
0.62	0.69	0.55	0.58	0.64	0.68	0.60	0.57	0.69	0.73	0.75	0.30	0.34	0.31	0.31	0.29	0.35	0.28	0.84	0.85	0.82	0.90	0.89	1.00							
0.37	0.39	0.42	0.44	0.52	0.49	0.31	0.31	0.37	0.35	0.40	0.15	0.23	0.16	0.18	0.19	0.40	0.35	0.48	0.52	0.59	0.46	0.56	0.49	1.00						
0.42	0.44	0.41	0.44	0.46	0.56	0.32	0.26	0.36	0.38	0.41	0.14	0.15	0.16	0.11	0.13	0.30	0.33	0.48	0.53	0.61	0.52	0.60	0.51	0.82	1.00					
0.40	0.34	0.46	0.39	0.45	0.52	0.31	0.30	0.35	0.32	0.35	0.19	0.14	0.23	0.15	0.17	0.28	0.32	0.39	0.47	0.53	0.40	0.47	0.40	0.77	0.87	1.00				
0.32	0.40	0.35	0.42	0.46	0.44	0.30	0.29	0.41	0.44	0.42	0.10	0.24	0.17	0.18	0.17	0.35	0.30	0.44	0.49	0.56	0.44	0.49	0.46	0.64	0.65	0.60	1.00			
0.34	0.36	0.35	0.35	0.42	0.41	0.25	0.27	0.38	0.38	0.38	0.11	0.21	0.19	0.17	0.21	0.26	0.34	0.47	0.46	0.51	0.49	0.52	0.49	0.64	0.61	0.59	0.56	1.00		
0.32	0.39	0.44	0.42	0.52	0.42	0.23	0.27	0.31	0.31	0.30	0.21	0.19	0.13	0.15	0.16	0.24	0.35	0.32	0.43	0.49	0.37	0.43	0.38	0.71	0.73	0.75	0.54	0.61	1.00	
0.33	0.38	0.48	0.44	0.51	0.47	0.25	0.26	0.35	0.35	0.36	0.10	0.16	0.19	0.15	0.14	0.29	0.30	0.39	0.48	0.54	0.46	0.51	0.46	0.71	0.70	0.74	0.59	0.72	0.80	1.00
Means
5.15	5.27	5.21	5.56	5.38	5.32	5.79	5.47	5.68	5.73	5.81	3.88	3.43	4.10	3.38	3.55	3.90	3.31	5.31	5.30	5.39	5.34	5.40	5.37	5.00	4.94	4.82	5.29	5.03	4.82	5.23
Standard Deviations
1.57	1.54	1.57	1.43	1.56	1.58	1.48	1.57	1.51	1.44	1.45	2.00	1.90	2.05	2.00	2.01	1.92	1.98	1.61	1.43	1.47	1.55	1.41	1.55	1.67	1.78	1.74	1.53	1.71	1.81	1.59
Latent variables
S J D K R
RELATIONSHIPS
S1 S2 S3 S4 S5 S6 = S
J1 J2 J3 J4 J6 = J
D1 D2 D3 D4 D5 D7 D8 = D
D9 K1 K2 K3 K4 K6 = K
R1 R2 R3 R4 R5 R6 = R
K = S J D
R = K
Path Diagram
End of Problem
